"[-0.188, 0.20399999999999996, 18947]","[-0.188, 0.20399999999999996, 18963]","[-0.188, 0.19999999999999996, 18981]","[-0.188, 0.19999999999999996, 18997]","[-0.188, 0.19999999999999996, 19013]","[-0.188, 0.19999999999999996, 19030]","[-0.188, 0.19999999999999996, 19047]","[-0.188, 0.19999999999999996, 19064]","[-0.188, 0.19999999999999996, 19080]","[-0.188, 0.19999999999999996, 19097]","[-0.188, 0.19999999999999996, 19114]","[-0.188, 0.19999999999999996, 19130]","[-0.188, 0.19999999999999996, 19147]","[-0.188, 0.19599999999999995, 19163]","[-0.188, 0.19599999999999995, 19180]","[-0.188, 0.19599999999999995, 19197]","[-0.188, 0.19599999999999995, 19214]","[-0.188, 0.19199999999999995, 19230]","[-0.192, 0.18799999999999994, 19247]","[-0.19600000000000001, 0.18400000000000005, 19263]","[-0.19600000000000001, 0.18400000000000005, 19281]","[-0.20000000000000001, 0.18000000000000005, 19297]","[-0.20399999999999999, 0.17600000000000005, 19313]","[-0.20399999999999999, 0.17600000000000005, 19330]","[-0.20399999999999999, 0.17600000000000005, 19349]","[-0.20399999999999999, 0.17600000000000005, 19364]","[-0.20399999999999999, 0.17600000000000005, 19380]","[-0.20799999999999999, 0.17600000000000005, 19397]","[-0.21199999999999999, 0.17600000000000005, 19413]","[-0.216, 0.17600000000000005, 19431]","[-0.22, 0.17600000000000005, 19448]","[-0.224, 0.17600000000000005, 19464]","[-0.224, 0.17600000000000005, 19480]","[-0.22800000000000001, 0.17600000000000005, 19498]","[-0.23200000000000001, 0.17600000000000005, 19514]","[-0.23200000000000001, 0.17600000000000005, 19531]","[-0.23599999999999999, 0.18000000000000005, 19548]","[-0.23599999999999999, 0.18000000000000005, 19565]","[-0.23999999999999999, 0.18400000000000005, 19580]","[-0.24399999999999999, 0.18400000000000005, 19597]","[-0.248, 0.18799999999999994, 19614]","[-0.252, 0.18799999999999994, 19630]","[-0.252, 0.18799999999999994, 19647]","[-0.25600000000000001, 0.19199999999999995, 19664]","[-0.26000000000000001, 0.19599999999999995, 19681]","[-0.26000000000000001, 0.19599999999999995, 19697]","[-0.26400000000000001, 0.19599999999999995, 19715]","[-0.26800000000000002, 0.19999999999999996, 19730]","[-0.27200000000000002, 0.20399999999999996, 19748]","[-0.27600000000000002, 0.20399999999999996, 19764]","[-0.27600000000000002, 0.20399999999999996, 19781]","[-0.28000000000000003, 0.20799999999999996, 19797]","[-0.28399999999999997, 0.20799999999999996, 19814]","[-0.28799999999999998, 0.21199999999999997, 19831]","[-0.29199999999999998, 0.21599999999999997, 19847]","[-0.29199999999999998, 0.21599999999999997, 19863]","[-0.29599999999999999, 0.22399999999999998, 19881]","[-0.29999999999999999, 0.22799999999999998, 19897]","[-0.30399999999999999, 0.23199999999999998, 19914]","[-0.308, 0.23999999999999999, 19931]","[-0.308, 0.248, 19947]","[-0.312, 0.25600000000000001, 19964]","[-0.312, 0.26400000000000001, 19981]","[-0.312, 0.26800000000000002, 19998]","[-0.312, 0.27600000000000002, 20014]","[-0.312, 0.28000000000000003, 20031]","[-0.312, 0.28400000000000003, 20047]","[-0.312, 0.28400000000000003, 20064]","[-0.312, 0.28800000000000003, 20081]","[-0.308, 0.29600000000000004, 20098]","[-0.30399999999999999, 0.29600000000000004, 20114]","[-0.29999999999999999, 0.30000000000000004, 20131]","[-0.29599999999999999, 0.30000000000000004, 20147]","[-0.29599999999999999, 0.30400000000000005, 20164]","[-0.29199999999999998, 0.30400000000000005, 20181]","[-0.28799999999999998, 0.30400000000000005, 20197]","[-0.28399999999999997, 0.30400000000000005, 20215]","[-0.28000000000000003, 0.30400000000000005, 20231]","[-0.27200000000000002, 0.30400000000000005, 20246]","[-0.26800000000000002, 0.30400000000000005, 20264]","[-0.26000000000000001, 0.30400000000000005, 20298]","[-0.25600000000000001, 0.30400000000000005, 20314]","[-0.252, 0.30400000000000005, 20330]","[-0.248, 0.30400000000000005, 20348]","[-0.24399999999999999, 0.30400000000000005, 20364]","[-0.23599999999999999, 0.30400000000000005, 20381]","[-0.23200000000000001, 0.30400000000000005, 20398]","[-0.23200000000000001, 0.30400000000000005, 20414]","[-0.22800000000000001, 0.30400000000000005, 20431]","[-0.22800000000000001, 0.30400000000000005, 20447]","[-0.22, 0.30400000000000005, 20465]","[-0.22, 0.30400000000000005, 20481]","[-0.216, 0.30000000000000004, 20497]","[-0.20799999999999999, 0.30000000000000004, 20514]","[-0.20399999999999999, 0.30000000000000004, 20531]","[-0.20399999999999999, 0.30000000000000004, 20547]","[-0.20000000000000001, 0.29600000000000004, 20565]","[-0.19600000000000001, 0.29600000000000004, 20581]","[-0.19600000000000001, 0.29600000000000004, 20598]","[-0.188, 0.29200000000000004, 20614]","[-0.188, 0.28800000000000003, 20631]","[-0.184, 0.28400000000000003, 20647]","[-0.17999999999999999, 0.28400000000000003, 20664]","[-0.17599999999999999, 0.28000000000000003, 20681]","[-0.17599999999999999, 0.27600000000000002, 20698]","[-0.17199999999999999, 0.27600000000000002, 20714]","[-0.16800000000000001, 0.27200000000000002, 20730]","[-0.16800000000000001, 0.26800000000000002, 20747]","[-0.16800000000000001, 0.26800000000000002, 20764]","[-0.16400000000000001, 0.26800000000000002, 20781]","[-0.16400000000000001, 0.26400000000000001, 20797]","[-0.16400000000000001, 0.26400000000000001, 20815]","[-0.16400000000000001, 0.26400000000000001, 20831]","[-0.16400000000000001, 0.26000000000000001, 20849]","[-0.16400000000000001, 0.26000000000000001, 20865]","[-0.16400000000000001, 0.25600000000000001, 20881]","[-0.16, 0.25600000000000001, 20898]","[-0.16, 0.25600000000000001, 20915]","[-0.16, 0.252, 20931]","[-0.16, 0.252, 20947]","[-0.16, 0.248, 20965]","[-0.16, 0.24399999999999999, 20981]","[-0.16, 0.23999999999999999, 20998]","[-0.16, 0.23599999999999999, 21015]","[-0.16, 0.23599999999999999, 21031]","[-0.16, 0.23199999999999998, 21047]","[-0.16, 0.23199999999999998, 21065]","[-0.16, 0.22799999999999998, 21082]","[-0.16, 0.22799999999999998, 21099]","[-0.156, 0.21999999999999997, 21115]","[-0.156, 0.21999999999999997, 21132]","[-0.156, 0.21599999999999997, 21148]","[-0.156, 0.21199999999999997, 21165]","[-0.152, 0.20799999999999996, 21182]","[-0.152, 0.20799999999999996, 21198]","[-0.152, 0.20399999999999996, 21214]","[-0.152, 0.20399999999999996, 21231]","[-0.152, 0.20399999999999996, 21248]","[-0.152, 0.19599999999999995, 21265]","[-0.152, 0.19599999999999995, 21281]","[-0.152, 0.19599999999999995, 21299]","[-0.152, 0.19199999999999995, 21315]","[-0.152, 0.19199999999999995, 21333]","[-0.152, 0.18799999999999994, 21349]","[-0.14799999999999999, 0.18799999999999994, 21365]","[-0.14799999999999999, 0.18400000000000005, 21381]","[-0.14799999999999999, 0.18400000000000005, 21399]","[-0.14799999999999999, 0.18000000000000005, 21415]","[-0.14799999999999999, 0.17600000000000005, 21432]","[-0.14799999999999999, 0.17600000000000005, 21448]","[-0.14799999999999999, 0.17200000000000004, 21465]","[-0.14799999999999999, 0.16800000000000004, 21481]","[-0.14799999999999999, 0.16800000000000004, 21498]","[-0.14799999999999999, 0.16400000000000003, 21515]","[-0.14799999999999999, 0.16000000000000003, 21531]","[-0.14799999999999999, 0.16000000000000003, 21548]","[-0.14799999999999999, 0.15600000000000003, 21565]","[-0.14799999999999999, 0.15600000000000003, 21582]","[-0.14799999999999999, 0.15600000000000003, 21599]","[-0.14799999999999999, 0.15200000000000002, 21615]","[-0.14799999999999999, 0.15200000000000002, 21631]","[-0.14799999999999999, 0.14400000000000002, 21682]","[-0.152, 0.14000000000000001, 21699]","[-0.152, 0.13600000000000001, 21715]","[-0.156, 0.13200000000000001, 21732]","[-0.156, 0.128, 21749]","[-0.16, 0.124, 21765]","[-0.16400000000000001, 0.12, 21782]","[-0.16400000000000001, 0.11599999999999999, 21799]","[-0.16400000000000001, 0.11599999999999999, 21816]","[-0.16400000000000001, 0.11199999999999999, 21832]","[-0.16800000000000001, 0.11199999999999999, 21849]","[-0.16800000000000001, 0.10799999999999998, 21865]","[-0.16800000000000001, 0.10399999999999998, 21883]","[-0.16800000000000001, 0.10399999999999998, 21899]","[-0.16800000000000001, 0.099999999999999978, 21915]","[-0.16800000000000001, 0.099999999999999978, 21931]","[-0.16800000000000001, 0.099999999999999978, 21949]","[-0.16800000000000001, 0.099999999999999978, 21965]","[-0.16800000000000001, 0.095999999999999974, 21982]","[-0.16800000000000001, 0.091999999999999971, 21999]","[-0.17199999999999999, 0.087999999999999967, 22016]","[-0.17199999999999999, 0.087999999999999967, 22033]","[-0.17199999999999999, 0.087999999999999967, 22049]","[-0.17199999999999999, 0.087999999999999967, 22065]","[-0.17199999999999999, 0.083999999999999964, 22083]","[-0.17199999999999999, 0.07999999999999996, 22100]","[-0.17199999999999999, 0.075999999999999956, 22116]","[-0.17199999999999999, 0.071999999999999953, 22132]","[-0.17199999999999999, 0.071999999999999953, 22149]","[-0.17199999999999999, 0.067999999999999949, 22166]","[-0.17199999999999999, 0.063999999999999946, 22183]","[-0.17199999999999999, 0.060000000000000053, 22199]","[-0.17199999999999999, 0.060000000000000053, 22215]","[-0.17199999999999999, 0.052000000000000046, 22233]","[-0.17199999999999999, 0.048000000000000043, 22249]","[-0.17199999999999999, 0.048000000000000043, 22266]","[-0.17199999999999999, 0.044000000000000039, 22282]","[-0.17199999999999999, 0.040000000000000036, 22299]","[-0.17199999999999999, 0.036000000000000032, 22316]","[-0.17199999999999999, 0.036000000000000032, 22333]","[-0.17199999999999999, 0.032000000000000028, 22350]","[-0.17199999999999999, 0.028000000000000025, 22365]","[-0.17199999999999999, 0.024000000000000021, 22383]","[-0.17199999999999999, 0.020000000000000018, 22399]","[-0.17199999999999999, 0.020000000000000018, 22416]","[-0.17199999999999999, 0.016000000000000014, 22433]","[-0.17599999999999999, 0.012000000000000011, 22449]","[-0.17999999999999999, 0.0040000000000000036, 22466]","[-0.17999999999999999, 0.0, 22483]","[-0.184, -0.0040000000000000036, 22499]","[-0.188, -0.012000000000000011, 22515]","[-0.192, -0.012000000000000011, 22533]","[-0.192, -0.016000000000000014, 22549]","[-0.19600000000000001, -0.016000000000000014, 22566]","[-0.19600000000000001, -0.020000000000000018, 22582]","[-0.20000000000000001, -0.020000000000000018, 22599]","[-0.20399999999999999, -0.024000000000000021, 22616]","[-0.21199999999999999, -0.024000000000000021, 22649]","[-0.224, -0.024000000000000021, 22666]","[-0.23599999999999999, -0.024000000000000021, 22682]","[-0.23999999999999999, -0.020000000000000018, 22699]","[-0.248, -0.016000000000000014, 22716]","[-0.252, -0.0080000000000000071, 22732]","[-0.25600000000000001, -0.0040000000000000036, 22749]","[-0.25600000000000001, 0.0, 22766]","[-0.26000000000000001, 0.0040000000000000036, 22783]","[-0.26000000000000001, 0.0080000000000000071, 22799]","[-0.26000000000000001, 0.0080000000000000071, 22817]","[-0.26000000000000001, 0.012000000000000011, 22832]","[-0.26000000000000001, 0.012000000000000011, 22851]","[-0.26000000000000001, 0.016000000000000014, 22866]","[-0.26000000000000001, 0.016000000000000014, 22883]","[-0.26000000000000001, 0.020000000000000018, 22899]","[-0.252, 0.020000000000000018, 22916]","[-0.248, 0.020000000000000018, 22932]","[-0.24399999999999999, 0.020000000000000018, 22949]","[-0.24399999999999999, 0.020000000000000018, 22967]","[-0.23599999999999999, 0.020000000000000018, 22983]","[-0.22800000000000001, 0.020000000000000018, 23000]","[-0.224, 0.020000000000000018, 23017]","[-0.216, 0.020000000000000018, 23034]","[-0.20000000000000001, 0.020000000000000018, 23082]","[-0.19600000000000001, 0.020000000000000018, 23099]","[-0.192, 0.020000000000000018, 23117]","[-0.188, 0.016000000000000014, 23133]","[-0.184, 0.016000000000000014, 23150]","[-0.17999999999999999, 0.012000000000000011, 23166]","[-0.17599999999999999, 0.012000000000000011, 23183]","[-0.16800000000000001, 0.0080000000000000071, 23200]","[-0.16400000000000001, 0.0080000000000000071, 23217]","[-0.16, 0.0080000000000000071, 23233]","[-0.156, 0.0040000000000000036, 23249]","[-0.152, 0.0040000000000000036, 23267]","[-0.14799999999999999, 0.0, 23284]","[-0.14399999999999999, -0.0040000000000000036, 23300]","[-0.14399999999999999, -0.0040000000000000036, 23317]","[-0.14000000000000001, -0.0040000000000000036, 23333]","[-0.14000000000000001, -0.0080000000000000071, 23351]","[-0.13600000000000001, -0.0080000000000000071, 23366]","[-0.13200000000000001, -0.012000000000000011, 23384]","[-0.13200000000000001, -0.016000000000000014, 23399]","[-0.128, -0.016000000000000014, 23417]","[-0.128, -0.020000000000000018, 23433]","[-0.128, -0.020000000000000018, 23450]","[-0.124, -0.024000000000000021, 23466]","[-0.124, -0.024000000000000021, 23484]","[-0.124, -0.024000000000000021, 23500]","[-0.12, -0.028000000000000025, 23517]","[-0.12, -0.028000000000000025, 23533]","[-0.12, -0.028000000000000025, 23551]","[-0.12, -0.028000000000000025, 23566]","[-0.11600000000000001, -0.028000000000000025, 23584]","[-0.11600000000000001, -0.028000000000000025, 23600]","[-0.11600000000000001, -0.028000000000000025, 23617]","[-0.11600000000000001, -0.032000000000000028, 23633]","[-0.112, -0.032000000000000028, 23650]","[-0.112, -0.032000000000000028, 23666]","[-0.112, -0.032000000000000028, 23684]","[-0.108, -0.032000000000000028, 23700]","[-0.108, -0.032000000000000028, 23717]","[-0.108, -0.032000000000000028, 23733]","[-0.108, -0.032000000000000028, 23751]","[-0.104, -0.032000000000000028, 23767]","[-0.104, -0.032000000000000028, 23783]","[-0.10000000000000001, -0.032000000000000028, 23800]","[-0.10000000000000001, -0.032000000000000028, 23817]","[-0.10000000000000001, -0.032000000000000028, 23833]","[-0.096000000000000002, -0.032000000000000028, 23851]","[-0.091999999999999998, -0.032000000000000028, 23866]","[-0.087999999999999995, -0.032000000000000028, 23883]","[-0.084000000000000005, -0.032000000000000028, 23900]","[-0.080000000000000002, -0.032000000000000028, 23917]","[-0.075999999999999998, -0.028000000000000025, 23934]","[-0.071999999999999995, -0.028000000000000025, 23950]","[-0.068000000000000005, -0.024000000000000021, 23967]","[-0.064000000000000001, -0.024000000000000021, 23983]","[-0.059999999999999998, -0.020000000000000018, 24001]","[-0.056000000000000001, -0.016000000000000014, 24018]","[-0.051999999999999998, -0.012000000000000011, 24033]","[-0.048000000000000001, -0.0080000000000000071, 24050]","[-0.043999999999999997, -0.0040000000000000036, 24067]","[-0.040000000000000001, 0.0, 24083]","[-0.035999999999999997, 0.0040000000000000036, 24101]","[-0.032000000000000001, 0.0080000000000000071, 24116]","[-0.028000000000000001, 0.012000000000000011, 24134]","[-0.028000000000000001, 0.016000000000000014, 24150]","[-0.024, 0.020000000000000018, 24167]","[-0.024, 0.020000000000000018, 24184]","[-0.02, 0.024000000000000021, 24201]","[-0.02, 0.024000000000000021, 24217]","[-0.02, 0.028000000000000025, 24233]","[-0.016, 0.032000000000000028, 24251]","[-0.016, 0.036000000000000032, 24266]","[-0.016, 0.036000000000000032, 24284]","[-0.012, 0.040000000000000036, 24300]","[-0.012, 0.044000000000000039, 24318]","[-0.012, 0.048000000000000043, 24333]","[-0.0080000000000000002, 0.048000000000000043, 24351]","[-0.0080000000000000002, 0.05600000000000005, 24367]","[-0.0080000000000000002, 0.060000000000000053, 24385]","[-0.0040000000000000001, 0.063999999999999946, 24400]","[-0.0040000000000000001, 0.063999999999999946, 24418]","[0.0, 0.075999999999999956, 24484]","[0.0, 0.083999999999999964, 24501]","[0.0, 0.087999999999999967, 24517]","[0.0040000000000000001, 0.091999999999999971, 24535]","[0.0040000000000000001, 0.095999999999999974, 24550]","[0.0040000000000000001, 0.10399999999999998, 24567]","[0.0040000000000000001, 0.10799999999999998, 24585]","[0.0040000000000000001, 0.11199999999999999, 24601]","[0.0040000000000000001, 0.12, 24617]","[0.0040000000000000001, 0.128, 24633]","[0.0040000000000000001, 0.13200000000000001, 24651]","[0.0040000000000000001, 0.13600000000000001, 24667]","[0.0040000000000000001, 0.14000000000000001, 24684]","[0.0040000000000000001, 0.14800000000000002, 24701]","[0.0040000000000000001, 0.15600000000000003, 24718]","[0.0040000000000000001, 0.16000000000000003, 24734]","[0.0040000000000000001, 0.16800000000000004, 24750]","[0.0040000000000000001, 0.17200000000000004, 24767]","[0.0040000000000000001, 0.18000000000000005, 24783]","[0.0040000000000000001, 0.18400000000000005, 24801]","[0.0040000000000000001, 0.18799999999999994, 24817]","[0.0040000000000000001, 0.19599999999999995, 24834]","[0.0040000000000000001, 0.19999999999999996, 24851]","[0.0040000000000000001, 0.20399999999999996, 24868]","[0.0040000000000000001, 0.20799999999999996, 24884]","[0.0040000000000000001, 0.21599999999999997, 24900]","[0.0, 0.21599999999999997, 24917]","[0.0, 0.22399999999999998, 24934]","[0.0, 0.22799999999999998, 24951]","[0.0, 0.23599999999999999, 24967]","[0.0, 0.23999999999999999, 24984]","[0.0, 0.248, 25001]","[0.0, 0.252, 25017]","[-0.0040000000000000001, 0.252, 25034]","[-0.0040000000000000001, 0.252, 25052]","[-0.0040000000000000001, 0.252, 25068]","[-0.0040000000000000001, 0.252, 25085]","[-0.0040000000000000001, 0.252, 25101]","[-0.0040000000000000001, 0.252, 25119]","[-0.0040000000000000001, 0.252, 25134]","[-0.0040000000000000001, 0.252, 25151]","[-0.0040000000000000001, 0.252, 25168]","[-0.0040000000000000001, 0.252, 25184]","[-0.0040000000000000001, 0.252, 25202]","[-0.0040000000000000001, 0.252, 25218]","[-0.0040000000000000001, 0.252, 25235]","[-0.0040000000000000001, 0.252, 25251]","[-0.0040000000000000001, 0.252, 25268]","[-0.0040000000000000001, 0.252, 25285]","[-0.0040000000000000001, 0.248, 25302]","[-0.0040000000000000001, 0.24399999999999999, 25319]","[-0.0040000000000000001, 0.23999999999999999, 25335]","[-0.0040000000000000001, 0.23199999999999998, 25351]","[-0.0040000000000000001, 0.23199999999999998, 25368]","[-0.0040000000000000001, 0.22399999999999998, 25385]","[-0.0040000000000000001, 0.21599999999999997, 25401]","[-0.0040000000000000001, 0.20799999999999996, 25419]","[-0.0040000000000000001, 0.19199999999999995, 25434]","[-0.0040000000000000001, 0.18799999999999994, 25452]","[-0.0040000000000000001, 0.18400000000000005, 25469]","[-0.0040000000000000001, 0.18000000000000005, 25485]","[-0.0040000000000000001, 0.17200000000000004, 25501]","[-0.0040000000000000001, 0.16800000000000004, 25518]","[-0.0040000000000000001, 0.16400000000000003, 25534]","[-0.0040000000000000001, 0.16000000000000003, 25551]","[-0.0040000000000000001, 0.15600000000000003, 25568]","[-0.0040000000000000001, 0.14800000000000002, 25585]","[-0.0040000000000000001, 0.14400000000000002, 25604]","[-0.0040000000000000001, 0.14400000000000002, 25635]","[-0.0040000000000000001, 0.13200000000000001, 25651]","[-0.0040000000000000001, 0.124, 25668]","[-0.0040000000000000001, 0.11599999999999999, 25684]","[-0.0040000000000000001, 0.10399999999999998, 25701]","[-0.0040000000000000001, 0.095999999999999974, 25718]","[-0.0040000000000000001, 0.087999999999999967, 25735]","[-0.0040000000000000001, 0.083999999999999964, 25751]","[-0.0040000000000000001, 0.075999999999999956, 25768]","[-0.0040000000000000001, 0.071999999999999953, 25785]","[-0.0040000000000000001, 0.063999999999999946, 25801]","[-0.0040000000000000001, 0.05600000000000005, 25819]","[0.0, 0.05600000000000005, 25835]","[0.0040000000000000001, 0.040000000000000036, 25902]","[0.0040000000000000001, 0.040000000000000036, 25918]","[0.0040000000000000001, 0.036000000000000032, 25935]","[0.0040000000000000001, 0.028000000000000025, 25952]","[0.0040000000000000001, 0.028000000000000025, 25968]","[0.0040000000000000001, 0.024000000000000021, 25986]","[0.0080000000000000002, 0.020000000000000018, 26002]","[0.0080000000000000002, 0.016000000000000014, 26018]","[0.0080000000000000002, 0.012000000000000011, 26036]","[0.012, 0.0080000000000000071, 26051]","[0.012, 0.0080000000000000071, 26068]","[0.016, 0.0040000000000000036, 26085]","[0.016, 0.0040000000000000036, 26103]","[0.016, 0.0040000000000000036, 26118]","[0.02, 0.0, 26135]","[0.02, 0.0, 26152]","[0.024, 0.0, 26169]","[0.028000000000000001, -0.0040000000000000036, 26186]","[0.032000000000000001, -0.0040000000000000036, 26203]","[0.035999999999999997, -0.0080000000000000071, 26218]","[0.043999999999999997, -0.0080000000000000071, 26235]","[0.048000000000000001, -0.0080000000000000071, 26252]","[0.051999999999999998, -0.0080000000000000071, 26268]","[0.056000000000000001, -0.012000000000000011, 26286]","[0.059999999999999998, -0.012000000000000011, 26302]","[0.064000000000000001, -0.012000000000000011, 26319]","[0.071999999999999995, -0.012000000000000011, 26336]","[0.080000000000000002, -0.012000000000000011, 26353]","[0.087999999999999995, -0.012000000000000011, 26369]","[0.096000000000000002, -0.012000000000000011, 26385]","[0.108, -0.0080000000000000071, 26403]","[0.11600000000000001, -0.0080000000000000071, 26418]","[0.12, -0.0080000000000000071, 26436]","[0.128, -0.0040000000000000036, 26452]","[0.13600000000000001, -0.0040000000000000036, 26478]","[0.14799999999999999, 0.0, 26502]","[0.156, 0.0040000000000000036, 26519]","[0.16400000000000001, 0.0080000000000000071, 26535]","[0.17599999999999999, 0.012000000000000011, 26552]","[0.184, 0.016000000000000014, 26569]","[0.188, 0.020000000000000018, 26586]","[0.192, 0.024000000000000021, 26602]","[0.19600000000000001, 0.032000000000000028, 26619]","[0.20000000000000001, 0.040000000000000036, 26635]","[0.20399999999999999, 0.048000000000000043, 26652]","[0.20399999999999999, 0.060000000000000053, 26668]","[0.20799999999999999, 0.067999999999999949, 26685]","[0.20799999999999999, 0.087999999999999967, 26701]","[0.21199999999999999, 0.095999999999999974, 26719]","[0.21199999999999999, 0.10799999999999998, 26736]","[0.21199999999999999, 0.12, 26752]","[0.21199999999999999, 0.13200000000000001, 26769]","[0.21199999999999999, 0.15200000000000002, 26786]","[0.21199999999999999, 0.16400000000000003, 26802]","[0.21199999999999999, 0.18000000000000005, 26819]","[0.21199999999999999, 0.19199999999999995, 26837]","[0.21199999999999999, 0.21199999999999997, 26852]","[0.20799999999999999, 0.23199999999999998, 26869]","[0.20399999999999999, 0.248, 26885]","[0.20399999999999999, 0.26400000000000001, 26902]","[0.20000000000000001, 0.27600000000000002, 26919]","[0.19600000000000001, 0.28400000000000003, 26936]","[0.19600000000000001, 0.28800000000000003, 26952]","[0.19600000000000001, 0.28800000000000003, 26969]","[0.19600000000000001, 0.29200000000000004, 26986]","[0.192, 0.29200000000000004, 27002]","[0.192, 0.29200000000000004, 27020]","[0.192, 0.29200000000000004, 27037]","[0.188, 0.29200000000000004, 27052]","[0.188, 0.29200000000000004, 27069]"
"[-0.024, 0.252, 28587]","[-0.02, 0.24399999999999999, 28653]","[-0.02, 0.24399999999999999, 28671]","[-0.02, 0.24399999999999999, 28687]","[-0.02, 0.23999999999999999, 28704]","[-0.02, 0.23999999999999999, 28721]","[-0.02, 0.23999999999999999, 28738]","[-0.02, 0.23999999999999999, 28754]","[-0.02, 0.23999999999999999, 28770]","[-0.02, 0.23999999999999999, 28787]","[-0.02, 0.23999999999999999, 28804]","[-0.02, 0.23999999999999999, 28820]","[-0.016, 0.23999999999999999, 28837]","[-0.016, 0.23999999999999999, 28854]","[-0.012, 0.23999999999999999, 28870]","[-0.0080000000000000002, 0.23999999999999999, 28887]","[-0.0080000000000000002, 0.23999999999999999, 28903]","[0.0, 0.23999999999999999, 28920]","[0.0040000000000000001, 0.23999999999999999, 28937]","[0.0080000000000000002, 0.23999999999999999, 28954]","[0.012, 0.23999999999999999, 28970]","[0.016, 0.23999999999999999, 28987]","[0.016, 0.23999999999999999, 29004]","[0.02, 0.23999999999999999, 29020]","[0.02, 0.23999999999999999, 29038]","[0.02, 0.23999999999999999, 29054]","[0.024, 0.24399999999999999, 29071]","[0.028000000000000001, 0.24399999999999999, 29087]","[0.028000000000000001, 0.24399999999999999, 29104]","[0.028000000000000001, 0.248, 29121]","[0.032000000000000001, 0.248, 29138]","[0.032000000000000001, 0.248, 29154]","[0.032000000000000001, 0.252, 29171]","[0.032000000000000001, 0.25600000000000001, 29188]","[0.035999999999999997, 0.26000000000000001, 29204]","[0.035999999999999997, 0.26400000000000001, 29221]","[0.040000000000000001, 0.26800000000000002, 29237]","[0.040000000000000001, 0.27200000000000002, 29255]","[0.040000000000000001, 0.27600000000000002, 29271]","[0.043999999999999997, 0.28000000000000003, 29288]","[0.043999999999999997, 0.28400000000000003, 29304]","[0.043999999999999997, 0.28800000000000003, 29321]","[0.043999999999999997, 0.29600000000000004, 29338]","[0.043999999999999997, 0.30000000000000004, 29354]","[0.043999999999999997, 0.30400000000000005, 29371]","[0.043999999999999997, 0.30800000000000005, 29388]","[0.043999999999999997, 0.31599999999999995, 29405]","[0.043999999999999997, 0.31999999999999995, 29421]","[0.043999999999999997, 0.32399999999999995, 29438]","[0.040000000000000001, 0.32799999999999996, 29454]","[0.040000000000000001, 0.32799999999999996, 29471]","[0.032000000000000001, 0.33999999999999997, 29487]","[0.028000000000000001, 0.34399999999999997, 29504]","[0.024, 0.35199999999999998, 29521]","[0.02, 0.35599999999999998, 29538]","[0.016, 0.36399999999999999, 29554]","[0.016, 0.36799999999999999, 29570]","[0.012, 0.36799999999999999, 29588]","[0.012, 0.372, 29605]","[0.0080000000000000002, 0.376, 29622]","[0.0080000000000000002, 0.376, 29638]","[0.0040000000000000001, 0.38, 29655]","[0.0040000000000000001, 0.38, 29671]","[0.0, 0.38, 29688]","[-0.0040000000000000001, 0.38, 29704]","[-0.0040000000000000001, 0.38, 29722]","[-0.0040000000000000001, 0.38, 29738]","[-0.0040000000000000001, 0.36399999999999999, 29754]"
